0 0.35625 0.46875 0.0203125 0.0328125
0 0.4609375 0.528125 0.04375 0.040625
0 0.4171875 0.53125 0.028125 0.0421875
0 0.35 0.53671875 0.0140625 0.0296875
1 0.6140625 0.33203125 0.0828125 0.05625
1 0.440625 0.3359375 0.0734375 0.0578125
0 0.525 0.36171875 0.08125 0.084375
0 0.371875 0.3671875 0.0421875 0.0375
0 0.634375 0.38125 0.0390625 0.0375
0 0.434375 0.38515625 0.021875 0.028125
0 0.51875 0.4328125 0.1046875 0.109375
0 0.62265625 0.45234375 0.0671875 0.071875
0 0.4171875 0.45546875 0.065625 0.0921875