0 0.44765625 0.51875 0.021875 0.0421875
0 0.40546875 0.51953125 0.0109375 0.0359375
0 0.4921875 0.52109375 0.021875 0.04375
0 0.52578125 0.525 0.015625 0.0390625
0 0.59765625 0.52890625 0.0203125 0.046875
0 0.57421875 0.53046875 0.0171875 0.0453125
0 0.3609375 0.5484375 0.053125 0.0265625
0 0.6515625 0.55078125 0.0671875 0.1453125
0 0.353125 0.5734375 0.0578125 0.0140625
0 0.60078125 0.5796875 0.015625 0.04375
0 0.50546875 0.58125 0.034375 0.04375
0 0.5734375 0.58125 0.015625 0.0421875
0 0.43203125 0.58984375 0.065625 0.0671875
0 0.49453125 0.4453125 0.24375 0.115625