0 0.603125 0.52265625 0.0640625 0.034375
0 0.5453125 0.525 0.0671875 0.034375
1 0.6765625 0.528125 0.0796875 0.040625
1 0.32421875 0.5515625 0.084375 0.1609375
0 0.62265625 0.5640625 0.0703125 0.040625
0 0.46796875 0.571875 0.0515625 0.059375
0 0.51640625 0.57421875 0.053125 0.021875
1 0.68828125 0.58046875 0.05625 0.0640625
0 0.63359375 0.61015625 0.0234375 0.0171875
1 0.5671875 0.6109375 0.090625 0.040625
1 0.43984375 0.62265625 0.1359375 0.03125
1 0.50078125 0.4140625 0.434375 0.109375
1 0.5328125 0.484375 0.215625 0.0328125
0 0.66015625 0.4859375 0.034375 0.0359375
0 0.39765625 0.5125 0.05 0.053125