0 0.5921875 0.53515625 0.1125 0.0640625
0 0.5125 0.3859375 0.0375 0.0328125
0 0.5 0.57734375 0.146875 0.025
1 0.678125 0.390625 0.025 0.0421875
1 0.471875 0.3984375 0.0390625 0.0578125
0 0.40625 0.4 0.0375 0.0296875
1 0.621875 0.41171875 0.08125 0.0828125
1 0.5578125 0.42421875 0.0453125 0.0484375
0 0.40625 0.43125 0.078125 0.028125
0 0.57421875 0.47265625 0.034375 0.0234375
1 0.625 0.475 0.0546875 0.0453125
0 0.715625 0.4796875 0.0375 0.1484375
0 0.44921875 0.503125 0.1703125 0.1171875
0 0.6734375 0.50703125 0.0421875 0.115625