0 0.4890625 0.52421875 0.015625 0.0109375
0 0.4078125 0.525 0.0046875 0.0140625
0 0.43203125 0.52734375 0.025 0.0234375
0 0.39296875 0.52734375 0.009375 0.0140625
0 0.51875 0.528125 0.0171875 0.01875
0 0.49296875 0.54453125 0.0078125 0.0078125
0 0.6078125 0.5484375 0.0125 0.0078125
0 0.39609375 0.5546875 0.0046875 0.0125
0 0.4390625 0.55546875 0.0125 0.0171875
0 0.4078125 0.55546875 0.00625 0.0140625
1 0.48359375 0.425 0.2171875 0.0625
0 0.4640625 0.4765625 0.015625 0.0125
0 0.509375 0.48125 0.025 0.0203125
0 0.58828125 0.48828125 0.025 0.0171875
0 0.38671875 0.49296875 0.0234375 0.015625
0 0.4078125 0.49453125 0.0078125 0.0125
0 0.48828125 0.4984375 0.015625 0.0140625
0 0.43125 0.4984375 0.0265625 0.0203125
0 0.61015625 0.50234375 0.0171875 0.009375
0 0.51953125 0.50390625 0.0203125 0.0171875