1 0.6953125 0.5265625 0.0765625 0.03125
1 0.6390625 0.38671875 0.190625 0.0359375
1 0.640625 0.54140625 0.0328125 0.01875
1 0.58203125 0.56640625 0.0859375 0.0734375
1 0.52265625 0.56953125 0.0296875 0.0453125
0 0.4359375 0.390625 0.053125 0.025
1 0.7140625 0.57578125 0.0390625 0.0625
0 0.64765625 0.57890625 0.0390625 0.05
0 0.41015625 0.58359375 0.1703125 0.0765625
1 0.71171875 0.415625 0.0421875 0.0203125
0 0.590625 0.42109375 0.034375 0.0265625
0 0.3125 0.44453125 0.090625 0.1515625
0 0.5515625 0.446875 0.0359375 0.0765625
0 0.64375 0.4515625 0.0609375 0.0671875
1 0.59140625 0.45546875 0.0359375 0.034375
0 0.7046875 0.4671875 0.059375 0.071875
0 0.4453125 0.47109375 0.175 0.140625
0 0.5953125 0.50703125 0.1125 0.040625