0 0.50703125 0.54921875 0.0453125 0.05625
1 0.31171875 0.56953125 0.078125 0.0953125
1 0.53984375 0.3890625 0.2828125 0.0453125
1 0.43125 0.609375 0.0875 0.05
1 0.3328125 0.409375 0.1171875 0.0859375
1 0.4515625 0.425 0.115625 0.021875
1 0.32578125 0.46171875 0.05625 0.0203125
0 0.48046875 0.465625 0.009375 0.0171875
0 0.6421875 0.478125 0.103125 0.1203125
1 0.2859375 0.4859375 0.0234375 0.0703125
0 0.48046875 0.4875 0.0078125 0.0140625
0 0.53125 0.49453125 0.009375 0.0390625
0 0.45 0.49609375 0.0109375 0.0359375
0 0.378125 0.49609375 0.0515625 0.040625
0 0.43515625 0.496875 0.0203125 0.040625
0 0.328125 0.496875 0.046875 0.0421875
0 0.56015625 0.50703125 0.0359375 0.1046875