0 0.48828125 0.53671875 0.01875 0.01875
0 0.42890625 0.54765625 0.01875 0.0375
0 0.65703125 0.571875 0.021875 0.0171875
1 0.56953125 0.38984375 0.2796875 0.0703125
1 0.3828125 0.39453125 0.084375 0.0796875
1 0.459375 0.4375 0.0625 0.0234375
1 0.403125 0.44375 0.03125 0.01875
1 0.5109375 0.44453125 0.0359375 0.0375
0 0.61171875 0.4484375 0.0421875 0.04375
1 0.55859375 0.45390625 0.0578125 0.05625
0 0.4578125 0.45859375 0.0609375 0.0171875
1 0.67109375 0.4625 0.071875 0.0703125
0 0.309375 0.4625 0.015625 0.0203125
0 0.3640625 0.47734375 0.0296875 0.0296875
0 0.42578125 0.48828125 0.021875 0.03125
0 0.51171875 0.48984375 0.0265625 0.0359375
0 0.615625 0.490625 0.0234375 0.0171875
0 0.48828125 0.49375 0.01875 0.028125
0 0.54765625 0.50078125 0.034375 0.0296875