0 0.671875 0.534375 0.0171875 0.0109375
0 0.6078125 0.53515625 0.0140625 0.01875
0 0.4671875 0.55390625 0.03125 0.0578125
0 0.375 0.55546875 0.0203125 0.0390625
0 0.4140625 0.55625 0.021875 0.0421875
1 0.515625 0.38984375 0.10625 0.034375
1 0.434375 0.39765625 0.05 0.04375
1 0.5859375 0.4046875 0.0359375 0.028125
1 0.4984375 0.415625 0.0328125 0.0140625
1 0.54765625 0.41796875 0.034375 0.0203125
0 0.64296875 0.4296875 0.0734375 0.0765625
0 0.428125 0.43671875 0.0125 0.015625
0 0.5265625 0.4609375 0.015625 0.0328125
0 0.40078125 0.46171875 0.034375 0.0625
0 0.5828125 0.4640625 0.0484375 0.084375
0 0.45 0.47734375 0.0078125 0.01875
1 0.64296875 0.38046875 0.14375 0.021875