0 0.4046875 0.50546875 0.0046875 0.015625
0 0.46328125 0.50859375 0.0046875 0.0140625
0 0.4703125 0.509375 0.0046875 0.0140625
0 0.4515625 0.51171875 0.0078125 0.0109375
0 0.4140625 0.52421875 0.00625 0.0109375
0 0.40703125 0.52578125 0.003125 0.0078125
0 0.40078125 0.52734375 0.00625 0.0078125
1 0.471875 0.37109375 0.103125 0.040625
1 0.5578125 0.384375 0.04375 0.05625
1 0.61640625 0.4328125 0.0578125 0.04375
0 0.42734375 0.43671875 0.0453125 0.0546875
0 0.51171875 0.4421875 0.0609375 0.025
0 0.45859375 0.47109375 0.009375 0.0171875
0 0.4453125 0.47578125 0.00625 0.0078125
0 0.40546875 0.48125 0.0046875 0.0171875
0 0.43203125 0.484375 0.00625 0.0109375
0 0.6328125 0.48515625 0.03125 0.009375
0 0.41484375 0.49296875 0.0015625 0.0140625
0 0.396875 0.49921875 0.0078125 0.0140625