0 0.32734375 0.51484375 0.009375 0.0234375
0 0.584375 0.5171875 0.0328125 0.025
0 0.53671875 0.51796875 0.040625 0.03125
0 0.48125 0.54140625 0.0640625 0.0515625
0 0.65234375 0.5453125 0.0328125 0.0828125
0 0.58046875 0.54765625 0.0296875 0.0140625
0 0.33515625 0.5640625 0.03125 0.01875
0 0.58125 0.571875 0.0203125 0.00625
0 0.3203125 0.5828125 0.028125 0.0140625
0 0.44765625 0.590625 0.015625 0.0140625
0 0.51640625 0.5921875 0.0140625 0.0125
0 0.57578125 0.59453125 0.0375 0.0234375
0 0.51875 0.4296875 0.39375 0.1453125
0 0.31328125 0.5109375 0.009375 0.040625