0 0.290625 0.53359375 0.0203125 0.0234375
0 0.70078125 0.5453125 0.0625 0.0578125
0 0.6421875 0.5609375 0.0140625 0.0140625
0 0.521875 0.5671875 0.0265625 0.0203125
0 0.57421875 0.56796875 0.0359375 0.028125
0 0.67109375 0.39765625 0.06875 0.0578125
0 0.58828125 0.40859375 0.0078125 0.0125
0 0.53828125 0.43203125 0.0109375 0.0328125
0 0.57578125 0.4359375 0.0125 0.015625
0 0.44921875 0.471875 0.071875 0.1875
0 0.32578125 0.475 0.0125 0.0265625
0 0.3265625 0.509375 0.00625 0.0171875
0 0.315625 0.509375 0.0046875 0.015625