0 0.60703125 0.51015625 0.04375 0.03125
0 0.38125 0.5140625 0.0234375 0.0578125
0 0.49453125 0.43359375 0.015625 0.0140625
0 0.55078125 0.4453125 0.075 0.06875
0 0.36875 0.44921875 0.04375 0.0328125
0 0.4765625 0.4625 0.0109375 0.0140625
0 0.48984375 0.4625 0.009375 0.009375
0 0.5015625 0.4640625 0.0078125 0.0109375
0 0.33046875 0.46640625 0.034375 0.021875
0 0.50234375 0.503125 0.028125 0.0234375
0 0.3390625 0.50390625 0.034375 0.03125
0 0.5671875 0.50546875 0.0296875 0.0453125
0 0.4296875 0.50703125 0.0421875 0.034375