0 0.51328125 0.4953125 0.034375 0.0234375
0 0.47734375 0.50234375 0.03125 0.01875
0 0.44921875 0.53984375 0.03125 0.0171875
0 0.44921875 0.57265625 0.03125 0.0390625
0 0.4078125 0.5734375 0.03125 0.0359375
0 0.49140625 0.5921875 0.025 0.0796875
0 0.40625 0.6125 0.0296875 0.0359375
0 0.4484375 0.615625 0.0296875 0.0375
1 0.5166018359375 0.4129849140625 0.506905859375 0.4027478453125 0.48212725 0.390355603125 0.456809975 0.40328663750000004 0.4611192984375 0.422144396875 0.49990320781250003 0.4140625 0.5166018359375 0.4129849140625
0 0.542996440625 0.46578663750000004 0.5618497312499999 0.4442349140625 0.577471028125 0.4286099140625 0.593092325 0.416217671875 0.6114069484375 0.401670259375 0.6302602375 0.38820043125 0.638878884375 0.3720366375 0.6480361968749999 0.35102370625 0.6124842796875 0.3580280171875 0.5952469859375 0.370420259375 0.5812416859375 0.3553340515625 0.5833963468750001 0.3375538796875 0.59901764375 0.32139008593749996 0.5650817234375001 0.323545259375 0.5505377578124999 0.34617456875 0.5338391296875 0.3671875 0.5036738671875 0.37257543125 0.4875139046875 0.38820043125 0.5036738671875 0.40005387968750006 0.5257591484375 0.41136853437500004 0.49774854687500003 0.426454740625 0.4853592421875 0.43938577656250005 0.4869752390625 0.4679418109375 0.531145803125 0.495420259375 0.542996440625 0.46578663750000004
1 0.561311065625 0.469019396875 0.5699297125 0.46578663750000004 0.5941696546874999 0.4700969828125 0.6130229453125 0.4647090515625 0.62433491875 0.442079740625 0.6356468921875 0.4334590515625 0.6658121546875 0.432920259375 0.670121478125 0.323545259375 0.6598868359375001 0.32246767187500003 0.6027883015625 0.3246228453125 0.5866283390625 0.33701508593749996 0.5860896734375001 0.354256465625 0.6033269671875 0.3580280171875 0.6485748625000001 0.348329740625 0.6491135265625 0.359105603125 0.6421108765625 0.3892780171875 0.6038656328124999 0.411907328125 0.5586177375 0.45070043125000003 0.535993790625 0.4851831890625 0.5370711218750001 0.4991918109375 0.5537697500000001 0.4959590515625 0.561311065625 0.469019396875
0 0.41640625 0.45 0.0765625 0.0875