0 0.5984375 0.52890625 0.028125 0.028125
0 0.56171875 0.5390625 0.040625 0.0453125
0 0.2765625 0.54453125 0.0140625 0.0328125
0 0.63046875 0.54609375 0.0453125 0.0890625
0 0.3 0.55078125 0.025 0.046875
1 0.50546875 0.425 0.19375 0.10625
1 0.36640625 0.4421875 0.0421875 0.1421875
1 0.28984375 0.46015625 0.0359375 0.0671875
1 0.3265625 0.471875 0.0296875 0.090625
1 0.60859375 0.4859375 0.053125 0.0234375
1 0.459375 0.49453125 0.090625 0.028125
0 0.5453125 0.49765625 0.0625 0.0203125
0 0.2875 0.51015625 0.0390625 0.021875