0 0.665625 0.53203125 0.0421875 0.0328125
0 0.60078125 0.54140625 0.0171875 0.0109375
0 0.4375 0.55078125 0.0171875 0.0140625
0 0.565625 0.55390625 0.0296875 0.0171875
0 0.34375 0.5546875 0.015625 0.0171875
0 0.6203125 0.5546875 0.0203125 0.0140625
0 0.390625 0.57421875 0.0390625 0.0265625
1 0.43203125 0.3953125 0.1609375 0.0515625
0 0.66015625 0.41484375 0.0546875 0.03125
0 0.54921875 0.44921875 0.0328125 0.0640625
0 0.596875 0.44921875 0.05625 0.0484375
0 0.37421875 0.4703125 0.06875 0.0921875
0 0.44921875 0.47109375 0.0796875 0.09375
0 0.64765625 0.475 0.03125 0.0703125
0 0.58515625 0.49453125 0.0875 0.0359375
0 0.7 0.521875 0.025 0.0328125