0 0.5890625 0.51640625 0.0921875 0.1265625
0 0.65703125 0.54296875 0.040625 0.0734375
0 0.509375 0.54765625 0.065625 0.040625
0 0.4375 0.575 0.053125 0.0328125
0 0.65546875 0.59921875 0.0140625 0.0359375
0 0.50390625 0.59921875 0.0390625 0.059375
0 0.54140625 0.6046875 0.0328125 0.0578125
0 0.5765625 0.60546875 0.040625 0.0546875
0 0.6109375 0.61015625 0.0265625 0.05
0 0.44765625 0.6125 0.0734375 0.0359375
0 0.50859375 0.6390625 0.021875 0.015625
0 0.41875 0.64296875 0.0328125 0.0171875
0 0.6671875 0.64765625 0.0234375 0.0140625
0 0.35625 0.659375 0.0703125 0.021875
0 0.584375 0.42265625 0.03125 0.0234375