0 0.61171875 0.51484375 0.0203125 0.01875
0 0.68515625 0.52734375 0.034375 0.034375
0 0.56171875 0.53984375 0.0046875 0.0171875
0 0.290625 0.54765625 0.0109375 0.0140625
0 0.31640625 0.5515625 0.01875 0.0125
0 0.31875 0.42265625 0.0609375 0.0734375
0 0.41015625 0.43984375 0.0109375 0.0125
0 0.59453125 0.46015625 0.065625 0.090625
0 0.43984375 0.4609375 0.0109375 0.0171875
0 0.31953125 0.48984375 0.021875 0.0453125
0 0.67265625 0.4921875 0.040625 0.0390625
0 0.38984375 0.50078125 0.0203125 0.0234375
0 0.29296875 0.50625 0.0125 0.0359375