0 0.396875 0.52265625 0.0640625 0.034375
0 0.4546875 0.525 0.0671875 0.034375
1 0.3234375 0.528125 0.0796875 0.040625
1 0.67578125 0.5515625 0.084375 0.1609375
0 0.37734375 0.5640625 0.0703125 0.040625
0 0.53203125 0.571875 0.0515625 0.059375
0 0.48359375 0.57421875 0.053125 0.021875
1 0.31171875 0.58046875 0.05625 0.0640625
0 0.36640625 0.61015625 0.0234375 0.0171875
1 0.4328125 0.6109375 0.090625 0.040625
1 0.56015625 0.62265625 0.1359375 0.03125
1 0.49921875 0.4140625 0.434375 0.109375
1 0.4671875 0.484375 0.215625 0.0328125
0 0.33984375 0.4859375 0.034375 0.0359375
0 0.60234375 0.5125 0.05 0.053125