0 0.49296875 0.54921875 0.0453125 0.05625
1 0.68828125 0.56953125 0.078125 0.0953125
1 0.46015625 0.3890625 0.2828125 0.0453125
1 0.56875 0.609375 0.0875 0.05
1 0.6671875 0.409375 0.1171875 0.0859375
1 0.5484375 0.425 0.115625 0.021875
1 0.67421875 0.46171875 0.05625 0.0203125
0 0.51953125 0.465625 0.009375 0.0171875
0 0.3578125 0.478125 0.103125 0.1203125
1 0.7140625 0.4859375 0.0234375 0.0703125
0 0.51953125 0.4875 0.0078125 0.0140625
0 0.46875 0.49453125 0.009375 0.0390625
0 0.55 0.49609375 0.0109375 0.0359375
0 0.621875 0.49609375 0.0515625 0.040625
0 0.56484375 0.496875 0.0203125 0.040625
0 0.671875 0.496875 0.046875 0.0421875
0 0.43984375 0.50703125 0.0359375 0.1046875