0 0.68046875 0.50859375 0.00625 0.0375
0 0.47734375 0.509375 0.021875 0.0625
0 0.56484375 0.509375 0.0109375 0.0421875
0 0.5 0.51015625 0.0171875 0.046875
0 0.596875 0.51171875 0.0109375 0.0375
1 0.5046875 0.38046875 0.028125 0.05625
1 0.54609375 0.3828125 0.0546875 0.0640625
1 0.43359375 0.38828125 0.059375 0.0765625
0 0.6578125 0.40078125 0.05625 0.0546875
0 0.47890625 0.4171875 0.025 0.0609375
0 0.60546875 0.42421875 0.0796875 0.0546875
0 0.55078125 0.43515625 0.0203125 0.03125
0 0.4515625 0.446875 0.021875 0.0546875
0 0.67109375 0.45 0.009375 0.040625
0 0.503125 0.45078125 0.0203125 0.03125
0 0.62890625 0.4625 0.0203125 0.0125
0 0.3984375 0.4671875 0.0734375 0.0328125
0 0.42578125 0.4984375 0.0234375 0.028125
0 0.36953125 0.5046875 0.0171875 0.0296875
0 0.6640625 0.50546875 0.0109375 0.04375