1 0.53984375 0.37421875 0.0359375 0.025
1 0.49921875 0.375 0.04375 0.0484375
1 0.44609375 0.37734375 0.05625 0.0515625
0 0.53515625 0.353125 0.0265625 0.009375
0 0.53828125 0.3984375 0.0234375 0.0203125
1 0.36171875 0.41328125 0.1046875 0.1078125
0 0.4875 0.4140625 0.0171875 0.025
0 0.525 0.42421875 0.040625 0.0234375
0 0.44296875 0.43671875 0.05625 0.0640625
1 0.57109375 0.45703125 0.0390625 0.0640625
0 0.48515625 0.4578125 0.021875 0.0296875
1 0.53203125 0.49140625 0.04375 0.0609375
0 0.48125 0.49921875 0.05 0.0515625