1 0.6875 0.515625 0.0515625 0.1671875
0 0.53046875 0.53359375 0.0421875 0.0265625
1 0.64140625 0.5859375 0.0390625 0.0953125
0 0.59765625 0.590625 0.0453125 0.0921875
0 0.37109375 0.39453125 0.021875 0.0296875
1 0.7 0.3953125 0.0265625 0.0734375
0 0.6578125 0.3984375 0.053125 0.065625
0 0.4375 0.40234375 0.0671875 0.0453125
0 0.3265625 0.4203125 0.0484375 0.0296875
0 0.35078125 0.45078125 0.0421875 0.0375
0 0.41953125 0.3671875 0.0640625 0.0203125
0 0.57109375 0.459375 0.1796875 0.1515625
1 0.52265625 0.36875 0.1171875 0.021875
0 0.45703125 0.49140625 0.046875 0.05