0 0.5109375 0.52421875 0.015625 0.0109375
0 0.5921875 0.525 0.0046875 0.0140625
0 0.56796875 0.52734375 0.025 0.0234375
0 0.60703125 0.52734375 0.009375 0.0140625
0 0.48125 0.528125 0.0171875 0.01875
0 0.50703125 0.54453125 0.0078125 0.0078125
0 0.3921875 0.5484375 0.0125 0.0078125
0 0.60390625 0.5546875 0.0046875 0.0125
0 0.5609375 0.55546875 0.0125 0.0171875
0 0.5921875 0.55546875 0.00625 0.0140625
1 0.51640625 0.425 0.2171875 0.0625
0 0.5359375 0.4765625 0.015625 0.0125
0 0.490625 0.48125 0.025 0.0203125
0 0.41171875 0.48828125 0.025 0.0171875
0 0.61328125 0.49296875 0.0234375 0.015625
0 0.5921875 0.49453125 0.0078125 0.0125
0 0.51171875 0.4984375 0.015625 0.0140625
0 0.56875 0.4984375 0.0265625 0.0203125
0 0.38984375 0.50234375 0.0171875 0.009375
0 0.48046875 0.50390625 0.0203125 0.0171875