0 0.709375 0.53359375 0.0203125 0.0234375
0 0.29921875 0.5453125 0.0625 0.0578125
0 0.3578125 0.5609375 0.0140625 0.0140625
0 0.478125 0.5671875 0.0265625 0.0203125
0 0.42578125 0.56796875 0.0359375 0.028125
0 0.32890625 0.39765625 0.06875 0.0578125
0 0.41171875 0.40859375 0.0078125 0.0125
0 0.46171875 0.43203125 0.0109375 0.0328125
0 0.42421875 0.4359375 0.0125 0.015625
0 0.55078125 0.471875 0.071875 0.1875
0 0.67421875 0.475 0.0125 0.0265625
0 0.6734375 0.509375 0.00625 0.0171875
0 0.684375 0.509375 0.0046875 0.015625