0 0.478125 0.53125 0.0890625 0.0421875
0 0.621875 0.54453125 0.021875 0.0125
0 0.73359375 0.5484375 0.009375 0.0171875
0 0.70625 0.553125 0.0140625 0.015625
0 0.5609375 0.55390625 0.015625 0.0109375
0 0.4078125 0.56484375 0.0421875 0.03125
0 0.53359375 0.56640625 0.0234375 0.0203125
0 0.50234375 0.57109375 0.0265625 0.0203125
0 0.57890625 0.57421875 0.040625 0.0171875
0 0.6953125 0.5765625 0.0171875 0.0171875
1 0.56875 0.43515625 0.075 0.0953125
1 0.4828125 0.45 0.090625 0.0921875
1 0.64453125 0.47265625 0.0609375 0.053125
1 0.39453125 0.48203125 0.06875 0.065625
0 0.55703125 0.5125 0.053125 0.0515625
0 0.609375 0.51796875 0.0296875 0.0296875