0 0.67265625 0.53359375 0.0421875 0.0203125
0 0.665625 0.559375 0.0265625 0.015625
0 0.371875 0.5625 0.0265625 0.025
0 0.634375 0.57109375 0.0203125 0.021875
0 0.41875 0.571875 0.0515625 0.04375
0 0.5859375 0.590625 0.021875 0.01875
0 0.459375 0.6015625 0.03125 0.01875
0 0.6109375 0.6140625 0.0296875 0.025
1 0.4171875 0.44296875 0.059375 0.0953125
1 0.64765625 0.4453125 0.171875 0.153125
0 0.5078125 0.478125 0.1109375 0.1765625
1 0.49609375 0.3796875 0.1296875 0.021875
0 0.396875 0.50390625 0.0234375 0.0203125
1 0.43046875 0.52109375 0.0375 0.05