0 0.61484375 0.53203125 0.015625 0.015625
0 0.5375 0.53671875 0.028125 0.028125
0 0.56875 0.54375 0.028125 0.034375
0 0.65546875 0.54921875 0.0578125 0.053125
0 0.59453125 0.55546875 0.0203125 0.0234375
0 0.509375 0.57421875 0.0484375 0.028125
1 0.46171875 0.39765625 0.096875 0.06875
1 0.63359375 0.43046875 0.103125 0.0765625
1 0.54609375 0.44375 0.071875 0.05
1 0.37890625 0.446875 0.08125 0.08125
0 0.45390625 0.46953125 0.0625 0.0703125
0 0.52265625 0.47734375 0.028125 0.021875
0 0.5875 0.49921875 0.06875 0.05625
0 0.41171875 0.49921875 0.021875 0.01875
0 0.38828125 0.50078125 0.015625 0.015625