0 0.63203125 0.521875 0.065625 0.0484375
0 0.46328125 0.52578125 0.0234375 0.0453125
0 0.43125 0.53359375 0.0328125 0.0359375
0 0.540625 0.5390625 0.1125 0.025
0 0.35390625 0.5453125 0.1125 0.0328125
0 0.44453125 0.38203125 0.0375 0.0390625
0 0.3546875 0.41953125 0.1140625 0.1140625
0 0.61015625 0.4203125 0.0640625 0.1015625
0 0.665625 0.42265625 0.040625 0.025
0 0.4953125 0.42734375 0.0296875 0.0421875
0 0.5484375 0.46484375 0.040625 0.05
0 0.41875 0.4671875 0.0171875 0.0203125
0 0.659375 0.46796875 0.034375 0.028125
0 0.4625 0.4765625 0.021875 0.034375
0 0.50078125 0.48203125 0.0265625 0.0171875
0 0.584375 0.5015625 0.025 0.0421875