1 0.44140625 0.36796875 0.0375 0.0328125
1 0.640625 0.371875 0.0796875 0.0375
0 0.52734375 0.38125 0.1296875 0.0640625
1 0.3953125 0.3828125 0.0484375 0.05
0 0.6703125 0.42265625 0.046875 0.034375
1 0.3734375 0.425 0.0640625 0.034375
0 0.48515625 0.43515625 0.0328125 0.0421875
1 0.425 0.43515625 0.0359375 0.0390625
1 0.61328125 0.4390625 0.05625 0.04375
0 0.5625 0.43984375 0.028125 0.053125
0 0.521875 0.44453125 0.0140625 0.021875
0 0.540625 0.44453125 0.0171875 0.0203125
0 0.67421875 0.45703125 0.0421875 0.0390625
0 0.3375 0.47890625 0.034375 0.053125
0 0.3796875 0.48515625 0.03125 0.053125
0 0.56484375 0.4859375 0.0453125 0.05
0 0.4625 0.48671875 0.0390625 0.053125
0 0.6484375 0.48671875 0.025 0.040625