0 0.5625 0.54921875 0.0171875 0.0203125
0 0.71640625 0.55 0.0359375 0.028125
0 0.2984375 0.5546875 0.0140625 0.0125
0 0.44296875 0.5640625 0.059375 0.0296875
0 0.46953125 0.396875 0.0234375 0.034375
0 0.55859375 0.4359375 0.0546875 0.040625
0 0.459375 0.43984375 0.0390625 0.034375
0 0.64140625 0.44921875 0.109375 0.05625
0 0.5765625 0.4765625 0.03125 0.0390625
0 0.53984375 0.4796875 0.034375 0.040625
0 0.60390625 0.48359375 0.0109375 0.0109375
0 0.32734375 0.4875 0.115625 0.05
0 0.42265625 0.49375 0.01875 0.0171875
0 0.49453125 0.49453125 0.053125 0.0546875
0 0.6390625 0.49453125 0.0203125 0.0375
0 0.53203125 0.515625 0.028125 0.028125