0 0.51171875 0.53671875 0.01875 0.01875
0 0.57109375 0.54765625 0.01875 0.0375
0 0.34296875 0.571875 0.021875 0.0171875
1 0.43046875 0.38984375 0.2796875 0.0703125
1 0.6171875 0.39453125 0.084375 0.0796875
1 0.540625 0.4375 0.0625 0.0234375
1 0.596875 0.44375 0.03125 0.01875
1 0.4890625 0.44453125 0.0359375 0.0375
0 0.38828125 0.4484375 0.0421875 0.04375
1 0.44140625 0.45390625 0.0578125 0.05625
0 0.5421875 0.45859375 0.0609375 0.0171875
1 0.32890625 0.4625 0.071875 0.0703125
0 0.690625 0.4625 0.015625 0.0203125
0 0.6359375 0.47734375 0.0296875 0.0296875
0 0.57421875 0.48828125 0.021875 0.03125
0 0.48828125 0.48984375 0.0265625 0.0359375
0 0.384375 0.490625 0.0234375 0.0171875
0 0.51171875 0.49375 0.01875 0.028125
0 0.45234375 0.50078125 0.034375 0.0296875