0 0.4078125 0.53515625 0.1125 0.0640625
0 0.4875 0.3859375 0.0375 0.0328125
0 0.5 0.57734375 0.146875 0.025
1 0.321875 0.390625 0.025 0.0421875
1 0.528125 0.3984375 0.0390625 0.0578125
0 0.59375 0.4 0.0375 0.0296875
1 0.378125 0.41171875 0.08125 0.0828125
1 0.4421875 0.42421875 0.0453125 0.0484375
0 0.59375 0.43125 0.078125 0.028125
0 0.42578125 0.47265625 0.034375 0.0234375
1 0.375 0.475 0.0546875 0.0453125
0 0.284375 0.4796875 0.0375 0.1484375
0 0.55078125 0.503125 0.1703125 0.1171875
0 0.3265625 0.50703125 0.0421875 0.115625