0 0.646875 0.54609375 0.04375 0.03125
0 0.33046875 0.5765625 0.0484375 0.0171875
0 0.51875 0.59765625 0.028125 0.0265625
0 0.56171875 0.59765625 0.028125 0.0390625
0 0.32578125 0.60625 0.021875 0.028125
1 0.45703125 0.39375 0.0546875 0.053125
0 0.50703125 0.396875 0.040625 0.04375
1 0.6171875 0.40625 0.1765625 0.1078125
1 0.50390625 0.44140625 0.0484375 0.04375
1 0.4984375 0.36328125 0.059375 0.021875
1 0.546875 0.47421875 0.0375 0.034375
0 0.32421875 0.47421875 0.021875 0.025
1 0.65234375 0.475 0.034375 0.0328125
0 0.47421875 0.48125 0.009375 0.015625
1 0.6875 0.484375 0.0359375 0.0453125
0 0.29609375 0.49296875 0.003125 0.0171875
0 0.60234375 0.49921875 0.0640625 0.075
0 0.44134216562499995 0.44921875 0.396213975 0.44965277812500004 0.3871015515625 0.45746527812500004 0.382328378125 0.4743923609375 0.3897051015625 0.4778645828125 0.4001192984375 0.47178819375 0.4040246234375 0.4765625 0.4044585484375 0.4921875 0.3983836 0.5017361109375 0.3836301515625 0.5008680562500001 0.3849319265625 0.5164930562500001 0.350651859375 0.543402778125 0.348916159375 0.55078125 0.392742575 0.5546875 0.438304690625 0.50390625 0.441776090625 0.44878472187499996 0.44134216562499995 0.44921875
0 0.46015625 0.50234375 0.0078125 0.009375
0 0.65625 0.5046875 0.021875 0.0203125