1 0.44921875 0.384375 0.046875 0.0296875
0 0.40390625 0.52578125 0.1796875 0.1328125
0 0.27734375 0.5328125 0.021875 0.021875
0 0.30078125 0.3921875 0.0265625 0.0484375
1 0.3859375 0.41328125 0.075 0.0890625
1 0.55234375 0.41328125 0.159375 0.084375
0 0.44296875 0.41640625 0.0359375 0.0296875
0 0.33359375 0.43828125 0.01875 0.0234375
1 0.446875 0.446875 0.0453125 0.0234375
0 0.28828125 0.45390625 0.0234375 0.0359375
1 0.5796875 0.48515625 0.1671875 0.05625
1 0.290625 0.49609375 0.046875 0.05
0 0.68125 0.51171875 0.0234375 0.0375