0 0.4109375 0.51640625 0.0921875 0.1265625
0 0.34296875 0.54296875 0.040625 0.0734375
0 0.490625 0.54765625 0.065625 0.040625
0 0.5625 0.575 0.0515625 0.0328125
0 0.34453125 0.59921875 0.0140625 0.0359375
0 0.49609375 0.59921875 0.0390625 0.059375
0 0.45859375 0.6046875 0.0328125 0.0578125
0 0.4234375 0.60546875 0.040625 0.0546875
0 0.3890625 0.61015625 0.0265625 0.05
0 0.55234375 0.6125 0.0734375 0.0359375
0 0.49140625 0.6390625 0.021875 0.015625
0 0.58125 0.64296875 0.0328125 0.0171875
0 0.3328125 0.64765625 0.0234375 0.0140625
0 0.64375 0.659375 0.0703125 0.021875
0 0.415625 0.42265625 0.03125 0.0234375