0 0.47421875 0.546875 0.0515625 0.0125
0 0.628125 0.55078125 0.028125 0.0125
0 0.4671875 0.5765625 0.03125 0.025
0 0.39296875 0.57734375 0.03125 0.025
0 0.35078125 0.57734375 0.028125 0.0234375
0 0.5109375 0.57734375 0.034375 0.0265625
0 0.58359375 0.578125 0.03125 0.0265625
0 0.62578125 0.5796875 0.03125 0.025
0 0.51328125 0.60390625 0.0328125 0.0234375
0 0.3953125 0.60390625 0.0328125 0.0234375
0 0.3515625 0.60390625 0.028125 0.025
0 0.46953125 0.6046875 0.028125 0.0234375
0 0.5859375 0.60703125 0.0296875 0.021875
0 0.62890625 0.6078125 0.0328125 0.0234375
0 0.4703125 0.6296875 0.034375 0.0203125
0 0.35078125 0.63125 0.0296875 0.025
0 0.51328125 0.63125 0.034375 0.0234375
0 0.39453125 0.6328125 0.0328125 0.025
0 0.58828125 0.63359375 0.034375 0.021875
0 0.63125 0.634375 0.03125 0.021875
0 0.46640625 0.40625 0.2578125 0.13125