0 0.63671875 0.540625 0.13125 0.075
0 0.4890625 0.55703125 0.08125 0.0296875
0 0.55 0.55859375 0.0375 0.0484375
0 0.38359375 0.55859375 0.0265625 0.0296875
0 0.41875 0.559375 0.034375 0.0328125
0 0.63984375 0.3921875 0.08125 0.046875
1 0.54921875 0.39296875 0.1 0.0484375
1 0.42109375 0.45546875 0.1203125 0.0640625
1 0.60703125 0.45859375 0.253125 0.0859375
0 0.40234375 0.49765625 0.0234375 0.015625
1 0.3453125 0.51015625 0.0734375 0.04375
1 0.49375 0.51640625 0.15 0.0375
0 0.396875 0.5234375 0.0359375 0.0234375