0 0.334375 0.53203125 0.0421875 0.0328125
0 0.39921875 0.54140625 0.0171875 0.0109375
0 0.5625 0.55078125 0.0171875 0.0140625
0 0.434375 0.55390625 0.0296875 0.0171875
0 0.65625 0.5546875 0.015625 0.0171875
0 0.3796875 0.5546875 0.0203125 0.0140625
0 0.609375 0.57421875 0.0390625 0.0265625
1 0.56796875 0.3953125 0.1609375 0.0515625
0 0.33984375 0.41484375 0.0546875 0.03125
0 0.45078125 0.44921875 0.0328125 0.0640625
0 0.403125 0.44921875 0.05625 0.0484375
0 0.62578125 0.4703125 0.06875 0.0921875
0 0.55078125 0.47109375 0.0796875 0.09375
0 0.35234375 0.475 0.03125 0.0703125
0 0.41484375 0.49453125 0.0875 0.0359375
0 0.3 0.521875 0.025 0.0328125