1 0.55859375 0.36796875 0.0375 0.0328125
1 0.359375 0.371875 0.0796875 0.0375
0 0.47265625 0.38125 0.1296875 0.0640625
1 0.6046875 0.3828125 0.0484375 0.05
0 0.3296875 0.42265625 0.046875 0.034375
1 0.6265625 0.425 0.0640625 0.034375
0 0.51484375 0.43515625 0.0328125 0.0421875
1 0.575 0.43515625 0.0359375 0.0390625
1 0.38671875 0.4390625 0.05625 0.04375
0 0.4375 0.43984375 0.028125 0.053125
0 0.478125 0.44453125 0.0140625 0.021875
0 0.459375 0.44453125 0.0171875 0.0203125
0 0.32578125 0.45703125 0.0421875 0.0390625
0 0.6625 0.47890625 0.034375 0.053125
0 0.6203125 0.48515625 0.03125 0.053125
0 0.43515625 0.4859375 0.0453125 0.05
0 0.5375 0.48671875 0.0390625 0.053125
0 0.3515625 0.48671875 0.025 0.040625