0 0.37890625 0.51796875 0.0296875 0.0421875
0 0.42578125 0.52578125 0.0234375 0.021875
0 0.5421875 0.5515625 0.0609375 0.075
0 0.6875 0.56171875 0.0234375 0.065625
0 0.3546875 0.56875 0.015625 0.05625
0 0.45546875 0.5796875 0.0578125 0.0953125
0 0.41171875 0.58046875 0.025 0.0890625
0 0.325 0.5859375 0.0109375 0.046875
0 0.45390625 0.38125 0.14375 0.04375
0 0.51484375 0.63125 0.05625 0.0234375
0 0.60390625 0.4125 0.1546875 0.0609375
0 0.32890625 0.42265625 0.04375 0.0703125
0 0.61796875 0.45703125 0.0375 0.028125
0 0.503125 0.4734375 0.065625 0.0453125
0 0.3203125 0.49609375 0.0140625 0.009375
0 0.3546875 0.4984375 0.0125 0.01875
0 0.64453125 0.4984375 0.025 0.025