0 0.5953125 0.50546875 0.0046875 0.015625
0 0.53671875 0.50859375 0.0046875 0.0140625
0 0.5296875 0.509375 0.0046875 0.0140625
0 0.5484375 0.51171875 0.0078125 0.0109375
0 0.5859375 0.52421875 0.00625 0.0109375
0 0.59296875 0.52578125 0.003125 0.0078125
0 0.59921875 0.52734375 0.00625 0.0078125
1 0.528125 0.37109375 0.103125 0.040625
1 0.4421875 0.384375 0.04375 0.05625
1 0.38359375 0.4328125 0.0578125 0.04375
0 0.57265625 0.43671875 0.0453125 0.0546875
0 0.48828125 0.4421875 0.0609375 0.025
0 0.54140625 0.47109375 0.009375 0.0171875
0 0.5546875 0.47578125 0.00625 0.0078125
0 0.59453125 0.48125 0.0046875 0.0171875
0 0.56796875 0.484375 0.00625 0.0109375
0 0.3671875 0.48515625 0.03125 0.009375
0 0.58515625 0.49296875 0.0015625 0.0140625
0 0.603125 0.49921875 0.0078125 0.0140625