0 0.3921875 0.5046875 0.0203125 0.0203125
0 0.459375 0.5109375 0.025 0.0265625
0 0.33125 0.54765625 0.0375 0.0453125
0 0.42734375 0.55703125 0.065625 0.0546875
0 0.6765625 0.56328125 0.0515625 0.0515625
0 0.46015625 0.371875 0.0375 0.046875
0 0.48359375 0.5703125 0.0625 0.05625
0 0.6875 0.3859375 0.0296875 0.0671875
0 0.63828125 0.39609375 0.0203125 0.025
0 0.31953125 0.40859375 0.0328125 0.0296875
0 0.6546875 0.4359375 0.01875 0.01875
0 0.525 0.45546875 0.05 0.053125
0 0.60546875 0.4578125 0.0796875 0.0203125
0 0.496875 0.4671875 0.025 0.04375
0 0.5765625 0.46875 0.0515625 0.0375
0 0.4703125 0.4703125 0.0421875 0.0515625
0 0.4265625 0.503125 0.0390625 0.040625