0 0.353125 0.54609375 0.04375 0.03125
0 0.66953125 0.5765625 0.0484375 0.0171875
0 0.48125 0.59765625 0.028125 0.0265625
0 0.43828125 0.59765625 0.028125 0.0390625
0 0.67421875 0.60625 0.021875 0.028125
1 0.54296875 0.39375 0.0546875 0.053125
0 0.49296875 0.396875 0.040625 0.04375
1 0.3828125 0.40625 0.1765625 0.1078125
1 0.49609375 0.44140625 0.0484375 0.04375
1 0.5015625 0.36328125 0.059375 0.021875
1 0.453125 0.47421875 0.0375 0.034375
0 0.67578125 0.47421875 0.021875 0.025
1 0.34765625 0.475 0.034375 0.0328125
0 0.52578125 0.48125 0.009375 0.015625
1 0.3125 0.484375 0.0359375 0.0453125
0 0.70390625 0.49296875 0.003125 0.0171875
0 0.39765625 0.49921875 0.0640625 0.075
0 0.5955414515624999 0.4921875 0.5959753765625 0.4765625 0.5998807015625001 0.47178819375 0.6102948984375 0.4778645828125 0.617671621875 0.4743923609375 0.6128984484375 0.45746527812500004 0.603786025 0.44965277812500004 0.558657834375 0.44921875 0.558223909375 0.44878472187499996 0.561695309375 0.50390625 0.607257425 0.5546875 0.651083840625 0.55078125 0.649348140625 0.543402778125 0.6150680734375 0.5164930562500001 0.6163698484375 0.5008680562500001 0.6016163999999999 0.5017361109375 0.5955414515624999 0.4921875
0 0.53984375 0.50234375 0.0078125 0.009375
0 0.34375 0.5046875 0.021875 0.0203125