0 0.62109375 0.51796875 0.0296875 0.0421875
0 0.57421875 0.52578125 0.0234375 0.021875
0 0.4578125 0.5515625 0.0609375 0.075
0 0.3125 0.56171875 0.0234375 0.065625
0 0.6453125 0.56875 0.015625 0.05625
0 0.54453125 0.5796875 0.0578125 0.0953125
0 0.5890625 0.58046875 0.025 0.0890625
0 0.675 0.5859375 0.0109375 0.046875
0 0.54609375 0.38125 0.14375 0.04375
0 0.48515625 0.63125 0.05625 0.0234375
0 0.39609375 0.4125 0.1546875 0.0609375
0 0.67109375 0.42265625 0.04375 0.0703125
0 0.38203125 0.45703125 0.0375 0.028125
0 0.496875 0.4734375 0.065625 0.0453125
0 0.6796875 0.49609375 0.0140625 0.009375
0 0.6453125 0.4984375 0.0125 0.01875
0 0.35546875 0.4984375 0.025 0.025