0 0.39296875 0.51015625 0.04375 0.03125
0 0.61875 0.5140625 0.0234375 0.0578125
0 0.50546875 0.43359375 0.015625 0.0140625
0 0.44921875 0.4453125 0.075 0.06875
0 0.63125 0.44921875 0.04375 0.0328125
0 0.5234375 0.4625 0.0109375 0.0140625
0 0.51015625 0.4625 0.009375 0.009375
0 0.4984375 0.4640625 0.0078125 0.0109375
0 0.66953125 0.46640625 0.034375 0.021875
0 0.49765625 0.503125 0.028125 0.0234375
0 0.6609375 0.50390625 0.034375 0.03125
0 0.4328125 0.50546875 0.0296875 0.0453125
0 0.5703125 0.50703125 0.0421875 0.034375