0 0.434375 0.534375 0.03125 0.071875
0 0.51796875 0.3953125 0.03125 0.0390625
1 0.2921875 0.56328125 0.0765625 0.0734375
0 0.59140625 0.56484375 0.1484375 0.1015625
0 0.36796875 0.6 0.0109375 0.01875
0 0.4296875 0.6078125 0.009375 0.0125
0 0.4875 0.6125 0.0125 0.0109375
0 0.46015625 0.6125 0.0140625 0.009375
0 0.3390625 0.61484375 0.034375 0.0171875
0 0.375 0.61796875 0.00625 0.0078125
1 0.60390625 0.4046875 0.078125 0.053125
0 0.41015625 0.428125 0.090625 0.103125
0 0.54609375 0.44921875 0.0109375 0.0359375
0 0.5625 0.45234375 0.0109375 0.0359375
0 0.57890625 0.45390625 0.0078125 0.034375
0 0.59453125 0.45390625 0.0125 0.0359375
0 0.33359375 0.46640625 0.0171875 0.05
0 0.6390625 0.4875 0.0421875 0.021875
0 0.678125 0.4890625 0.0109375 0.015625
0 0.71171875 0.49921875 0.0171875 0.0265625
0 0.475 0.390625 0.034375 0.0296875