0 0.31953125 0.50859375 0.00625 0.0375
0 0.52265625 0.509375 0.021875 0.0625
0 0.43515625 0.509375 0.0109375 0.0421875
0 0.5 0.51015625 0.0171875 0.046875
0 0.403125 0.51171875 0.0109375 0.0375
1 0.4953125 0.38046875 0.028125 0.05625
1 0.45390625 0.3828125 0.0546875 0.0640625
1 0.56640625 0.38828125 0.059375 0.0765625
0 0.3421875 0.40078125 0.05625 0.0546875
0 0.52109375 0.4171875 0.025 0.0609375
0 0.39453125 0.42421875 0.0796875 0.0546875
0 0.44921875 0.43515625 0.0203125 0.03125
0 0.5484375 0.446875 0.021875 0.0546875
0 0.32890625 0.45 0.009375 0.040625
0 0.496875 0.45078125 0.0203125 0.03125
0 0.37109375 0.4625 0.0203125 0.0125
0 0.6015625 0.4671875 0.0734375 0.0328125
0 0.57421875 0.4984375 0.0234375 0.028125
0 0.63046875 0.5046875 0.0171875 0.0296875
0 0.3359375 0.50546875 0.0109375 0.04375