0 0.52578125 0.546875 0.0515625 0.0125
0 0.371875 0.55078125 0.028125 0.0125
0 0.5328125 0.5765625 0.03125 0.025
0 0.60703125 0.57734375 0.03125 0.025
0 0.64921875 0.57734375 0.028125 0.0234375
0 0.4890625 0.57734375 0.034375 0.0265625
0 0.41640625 0.578125 0.03125 0.0265625
0 0.37421875 0.5796875 0.03125 0.025
0 0.48671875 0.60390625 0.0328125 0.0234375
0 0.6046875 0.60390625 0.0328125 0.0234375
0 0.6484375 0.60390625 0.028125 0.025
0 0.53046875 0.6046875 0.028125 0.0234375
0 0.4140625 0.60703125 0.0296875 0.021875
0 0.37109375 0.6078125 0.0328125 0.0234375
0 0.5296875 0.6296875 0.034375 0.0203125
0 0.64921875 0.63125 0.0296875 0.025
0 0.48671875 0.63125 0.034375 0.0234375
0 0.60546875 0.6328125 0.0328125 0.025
0 0.4125 0.63359375 0.034375 0.021875
0 0.36875 0.634375 0.03125 0.021875
0 0.53359375 0.40625 0.2578125 0.13125