0 0.328125 0.534375 0.0171875 0.0109375
0 0.3921875 0.53515625 0.0140625 0.01875
0 0.5328125 0.55390625 0.03125 0.0578125
0 0.625 0.55546875 0.0203125 0.0390625
0 0.5859375 0.55625 0.021875 0.0421875
1 0.484375 0.38984375 0.10625 0.034375
1 0.565625 0.39765625 0.05 0.04375
1 0.4140625 0.4046875 0.0359375 0.028125
1 0.5015625 0.415625 0.0328125 0.0140625
1 0.45234375 0.41796875 0.034375 0.0203125
0 0.35703125 0.4296875 0.0734375 0.0765625
0 0.571875 0.43671875 0.0125 0.015625
0 0.4734375 0.4609375 0.015625 0.0328125
0 0.59921875 0.46171875 0.034375 0.0625
0 0.4171875 0.4640625 0.0484375 0.084375
0 0.55 0.47734375 0.0078125 0.01875
1 0.35703125 0.38046875 0.14375 0.021875