0 0.521875 0.53125 0.0890625 0.0421875
0 0.378125 0.54453125 0.021875 0.0125
0 0.26640625 0.5484375 0.009375 0.0171875
0 0.29375 0.553125 0.0140625 0.015625
0 0.4390625 0.55390625 0.015625 0.0109375
0 0.5921875 0.56484375 0.0421875 0.03125
0 0.46640625 0.56640625 0.0234375 0.0203125
0 0.49765625 0.57109375 0.0265625 0.0203125
0 0.42109375 0.57421875 0.040625 0.0171875
0 0.3046875 0.5765625 0.0171875 0.0171875
1 0.43125 0.43515625 0.0765625 0.0953125
1 0.5171875 0.45 0.090625 0.0921875
1 0.35546875 0.47265625 0.0609375 0.053125
1 0.60546875 0.48203125 0.06875 0.065625
0 0.44296875 0.5125 0.053125 0.0515625
0 0.390625 0.51796875 0.0296875 0.0296875